# We take two conjugacy classes of PSL(2,17) in Sp(8,2)

psl217a := Group([
[[0,1,0,0,0,0,0,0],
[1,0,0,0,0,0,0,0],
[0,0,1,1,0,0,0,0],
[0,0,0,1,0,0,0,0],
[0,0,0,0,1,0,0,0],
[0,0,0,0,0,0,1,0],
[0,0,0,0,0,1,0,0],
[0,0,0,0,1,0,0,1]
]*Z(2)
,
[[0,0,1,0,0,0,0,0],
[0,0,0,1,0,0,0,0],
[0,0,0,0,1,0,0,0],
[0,0,0,0,0,1,0,0],
[1,0,0,0,0,0,0,0],
[0,1,0,0,0,0,0,0],
[0,0,0,0,0,0,0,1],
[1,1,1,1,1,1,1,1]
]*Z(2)
]);;

psl217b := Group([
[[0,1,0,0,0,0,0,0],
[1,0,0,0,0,0,0,0],
[0,0,0,1,0,0,0,0],
[0,0,1,0,0,0,0,0],
[0,0,0,0,0,1,0,0],
[0,0,0,0,1,0,0,0],
[1,0,1,1,1,0,1,1],
[1,1,0,0,1,1,0,1]
]*Z(2)
,
[[0,0,1,0,0,0,0,0],
[0,1,1,0,0,0,0,0],
[1,0,1,0,0,0,0,0],
[0,0,0,0,1,0,0,0],
[0,0,0,0,0,0,1,0],
[0,0,0,0,0,0,0,1],
[0,0,0,1,0,0,0,0],
[0,0,0,1,1,1,1,1]
]*Z(2)
]);;

# Change of basis
sypa := PreservedSesquilinearForms(psl217a)[1];;
sypb := PreservedSesquilinearForms(psl217b)[1];;
